230.000000
536.000000
513.000000
584.000000
586.000000
623.000000
611.000000
623.000000
627.000000
629.000000
627.000000
627.000000
626.000000
622.000000
626.000000
621.000000
624.000000
621.000000
621.000000
621.000000
621.000000
609.000000
617.000000
587.000000
610.000000
588.000000
596.000000
585.000000
584.000000
589.000000
556.000000
585.000000
467.000000
455.000000
406.000000
434.000000
412.000000
482.000000
465.000000
516.000000
476.000000
518.000000
478.000000
482.000000
477.000000
480.000000
476.000000
473.000000
511.000000
487.000000
468.000000
505.000000
468.000000
483.000000
449.000000
370.000000
362.000000
213.000000
166.000000
141.000000
149.000000
189.000000
207.000000
205.000000
221.000000
206.000000
222.000000
205.000000
219.000000
194.000000
174.000000
174.000000
176.000000
179.000000
176.000000
178.000000
176.000000
178.000000
175.000000
178.000000
173.000000
173.000000
120.000000
61.000000
65.000000
56.000000
65.000000
56.000000
66.000000
56.000000
66.000000
56.000000
66.000000
56.000000
66.000000
56.000000
66.000000
56.000000
66.000000
56.000000
67.000000
56.000000
67.000000
56.000000
67.000000
56.000000
67.000000
56.000000
67.000000
56.000000
67.000000
56.000000
67.000000
56.000000
67.000000
56.000000
67.000000
56.000000
67.000000
57.000000
67.000000
57.000000
67.000000
57.000000
67.000000
56.000000
67.000000
62.000000
67.000000
62.000000
67.000000
62.000000
67.000000
62.000000
67.000000
62.000000
67.000000
62.000000
67.000000
62.000000
67.000000
62.000000
67.000000
62.000000
67.000000
62.000000
67.000000
62.000000
68.000000
62.000000
67.000000
62.000000
73.000000
62.000000
74.000000
62.000000
73.000000
62.000000
73.000000
62.000000
73.000000
62.000000
73.000000
62.000000
73.000000
63.000000
73.000000
63.000000
74.000000
63.000000
74.000000
58.000000
74.000000
64.000000
74.000000
65.000000
74.000000
62.000000
74.000000
64.000000
74.000000
68.000000
74.000000
70.000000
73.000000
59.000000
73.000000
62.000000
72.000000
61.000000
72.000000
66.000000
72.000000
68.000000
71.000000
68.000000
71.000000
68.000000
70.000000
67.000000
71.000000
66.000000
70.000000
65.000000
71.000000
65.000000
71.000000
65.000000
70.000000
65.000000
70.000000
64.000000
71.000000
65.000000
73.000000
72.000000
72.000000
72.000000
72.000000
69.000000
72.000000
63.000000
72.000000
65.000000
71.000000
65.000000
71.000000
65.000000
65.000000
65.000000
61.000000
65.000000
61.000000
65.000000
70.000000
66.000000
62.000000
74.000000
62.000000
74.000000
61.000000
74.000000
61.000000
74.000000
61.000000
74.000000
61.000000
74.000000
61.000000
74.000000
61.000000
74.000000
61.000000
74.000000
61.000000
74.000000
61.000000
74.000000
61.000000
74.000000
61.000000
74.000000
61.000000
74.000000
61.000000
74.000000
61.000000
73.000000
61.000000
73.000000
61.000000
73.000000
61.000000
73.000000
61.000000
72.000000
61.000000
72.000000
61.000000
71.000000
61.000000
71.000000
61.000000
70.000000
61.000000
70.000000
61.000000
69.000000
61.000000
68.000000
66.000000
67.000000
70.000000
66.000000
65.000000
66.000000
65.000000
66.000000
65.000000
66.000000
64.000000
66.000000
64.000000
66.000000
63.000000
66.000000
63.000000
66.000000
62.000000
66.000000
61.000000
67.000000
60.000000
67.000000
59.000000
67.000000
58.000000
67.000000
57.000000
67.000000
64.000000
67.000000
66.000000
67.000000
69.000000
67.000000
70.000000
67.000000
71.000000
67.000000
70.000000
67.000000
71.000000
67.000000
68.000000
67.000000
73.000000
67.000000
76.000000
67.000000
75.000000
67.000000
74.000000
67.000000
74.000000
67.000000
74.000000
67.000000
74.000000
67.000000
74.000000
66.000000
74.000000
66.000000
74.000000
66.000000
74.000000
66.000000
74.000000
65.000000
74.000000
65.000000
75.000000
65.000000
75.000000
64.000000
76.000000
63.000000
76.000000
63.000000
77.000000
62.000000
76.000000
61.000000
78.000000
65.000000
83.000000
65.000000
83.000000
65.000000
83.000000
66.000000
83.000000
66.000000
82.000000
66.000000
79.000000
66.000000
76.000000
66.000000
75.000000
66.000000
78.000000
66.000000
81.000000
66.000000
82.000000
66.000000
81.000000
65.000000
81.000000
65.000000
80.000000
64.000000
80.000000
63.000000
79.000000
62.000000
78.000000
63.000000
77.000000
67.000000
75.000000
68.000000
75.000000
68.000000
73.000000
68.000000
72.000000
68.000000
70.000000
68.000000
69.000000
68.000000
69.000000
68.000000
68.000000
67.000000
67.000000
67.000000
67.000000
67.000000
67.000000
66.000000
66.000000
66.000000
67.000000
66.000000
65.000000
65.000000
68.000000
65.000000
69.000000
66.000000
65.000000
68.000000
70.000000
68.000000
73.000000
68.000000
71.000000
68.000000
70.000000
68.000000
70.000000
68.000000
68.000000
68.000000
66.000000
68.000000
65.000000
68.000000
63.000000
68.000000
62.000000
70.000000
61.000000
75.000000
60.000000
74.000000
59.000000
74.000000
59.000000
74.000000
59.000000
73.000000
59.000000
72.000000
59.000000
72.000000
59.000000
71.000000
59.000000
70.000000
59.000000
69.000000
59.000000
69.000000
59.000000
68.000000
59.000000
68.000000
59.000000
68.000000
59.000000
68.000000
59.000000
68.000000
59.000000
68.000000
59.000000
68.000000
59.000000
68.000000
59.000000
68.000000
59.000000
68.000000
59.000000
68.000000
59.000000
68.000000
59.000000
68.000000
59.000000
68.000000
59.000000
68.000000
59.000000
68.000000
59.000000
68.000000
59.000000
68.000000
59.000000
68.000000
59.000000
68.000000
59.000000
68.000000
59.000000
68.000000
59.000000
68.000000
59.000000
68.000000
59.000000
68.000000
59.000000
68.000000
59.000000
68.000000
59.000000
68.000000
59.000000
68.000000
59.000000
68.000000
59.000000
68.000000
59.000000
68.000000
59.000000
68.000000
59.000000
68.000000
59.000000
68.000000
59.000000
68.000000
59.000000
68.000000
59.000000
68.000000
59.000000
68.000000
59.000000
67.000000
59.000000
67.000000
59.000000
67.000000
59.000000
67.000000
59.000000
66.000000
59.000000
66.000000
59.000000
65.000000
59.000000
65.000000
59.000000
64.000000
59.000000
64.000000
59.000000
63.000000
59.000000
62.000000
59.000000
61.000000
59.000000
60.000000
59.000000
59.000000
59.000000
64.000000
59.000000
63.000000
59.000000
62.000000
59.000000
61.000000
59.000000
60.000000
59.000000
59.000000
59.000000
59.000000
59.000000
59.000000
59.000000
59.000000
59.000000
59.000000
59.000000
59.000000
59.000000
59.000000
59.000000
59.000000
59.000000
59.000000
59.000000
59.000000
59.000000
59.000000
59.000000
59.000000
59.000000
59.000000
59.000000
59.000000
59.000000
59.000000
59.000000
59.000000
59.000000
59.000000
59.000000
59.000000
59.000000
59.000000
59.000000
59.000000
59.000000
59.000000
59.000000
59.000000
59.000000
59.000000
59.000000
59.000000
59.000000
59.000000
59.000000
59.000000
59.000000
59.000000
59.000000
59.000000
59.000000
59.000000
59.000000
59.000000
59.000000
59.000000
59.000000
59.000000
59.000000
59.000000
59.000000
59.000000
59.000000
59.000000
59.000000
59.000000
59.000000
59.000000
59.000000
59.000000
59.000000
59.000000
59.000000
59.000000
59.000000
59.000000
59.000000
59.000000
59.000000
59.000000
59.000000
59.000000
59.000000
59.000000
59.000000
59.000000
59.000000
59.000000
59.000000
59.000000
59.000000
59.000000
59.000000
59.000000
59.000000
59.000000
59.000000
59.000000
59.000000
59.000000
59.000000
59.000000
59.000000
59.000000
59.000000
59.000000
59.000000
59.000000
59.000000
59.000000
59.000000
59.000000
59.000000
59.000000
59.000000
59.000000
59.000000
59.000000
59.000000
59.000000
59.000000
59.000000
59.000000
59.000000
59.000000
59.000000
59.000000
59.000000
59.000000
59.000000
59.000000
59.000000
59.000000
59.000000
59.000000
59.000000
59.000000
59.000000
59.000000
59.000000
59.000000
59.000000
59.000000
59.000000
59.000000
59.000000
59.000000
59.000000
59.000000
59.000000
59.000000
59.000000
59.000000
59.000000
59.000000
59.000000
59.000000
59.000000
59.000000
59.000000
59.000000
59.000000
59.000000
59.000000
59.000000
59.000000
59.000000
59.000000
59.000000
59.000000
59.000000
59.000000
59.000000
59.000000
59.000000
59.000000
59.000000
59.000000
59.000000
59.000000
59.000000
59.000000
59.000000
59.000000
59.000000
59.000000
59.000000
59.000000
59.000000
59.000000
59.000000
59.000000
59.000000
59.000000
59.000000
59.000000
59.000000
59.000000
59.000000
59.000000
59.000000
59.000000
59.000000
59.000000
59.000000
59.000000
59.000000
59.000000
59.000000
59.000000
59.000000
59.000000
59.000000
59.000000
59.000000
59.000000
59.000000
59.000000
59.000000
59.000000
59.000000
59.000000
59.000000
59.000000
59.000000
59.000000
59.000000
59.000000
59.000000
59.000000
59.000000
59.000000
59.000000
59.000000
59.000000
59.000000
59.000000
59.000000
59.000000
59.000000
59.000000
59.000000
59.000000
59.000000
59.000000
59.000000
59.000000
59.000000
59.000000
59.000000
59.000000
59.000000
59.000000
59.000000
59.000000
59.000000
59.000000
59.000000
59.000000
59.000000
59.000000
59.000000
59.000000
59.000000
59.000000
59.000000
59.000000
59.000000
59.000000
59.000000
59.000000
59.000000
59.000000
59.000000
59.000000
59.000000
59.000000
59.000000
59.000000
59.000000
59.000000
59.000000
59.000000
59.000000
59.000000
59.000000
59.000000
59.000000
59.000000
59.000000
59.000000
59.000000
59.000000
59.000000
59.000000
59.000000
59.000000
59.000000
59.000000
59.000000
59.000000
59.000000
59.000000
59.000000
59.000000
59.000000
59.000000
59.000000
59.000000
59.000000
59.000000
59.000000
59.000000
59.000000
59.000000
59.000000
59.000000
59.000000
59.000000
59.000000
59.000000
59.000000
59.000000
59.000000
59.000000
59.000000
59.000000
59.000000
59.000000
59.000000
59.000000
59.000000
59.000000
59.000000
59.000000
59.000000
59.000000
59.000000
59.000000
59.000000
59.000000
59.000000
59.000000
59.000000
59.000000
59.000000
59.000000
59.000000
59.000000
59.000000
59.000000
59.000000
59.000000
59.000000
59.000000
59.000000
59.000000
59.000000
59.000000
59.000000
59.000000
59.000000
59.000000
59.000000
59.000000
59.000000
59.000000
59.000000
59.000000
59.000000
59.000000
59.000000
59.000000
59.000000
59.000000
59.000000
59.000000
59.000000
59.000000
59.000000
59.000000
59.000000
59.000000
59.000000
59.000000
59.000000
59.000000
59.000000
